23         3         1        19         1
15         3         1        17         1
23         3         2        49         3
 5         2         2        33         3
 7        11         2        55         3
23         3         1        20         3
 9         5         2        19         3
10         3         2        27         1
22         3         1        58         1
15         3         1        20         1
10        22         2         9         3
13         1         2        30         3
18        21         2        29         3
 6        17         2        39         3
 6        17         2        42         2
 6        17         2        43         2
 7        11         2        10         2
22         3         2        46         2
13         3         1        10         2
 7        25         2        42         2
25         7         2        27         2
25         7         2        23         2
 2         9         2        31         2
 1        15         1        22         2
15        13         2        37         2
 7        11         2        13         2
 8         3         2        24         2
14        15         2        38         2
21         2         2        42         1
22         3         2        28         1
